/Users/anatolijostapenko/.nvm/versions/node/v10.14.2/bin/node /Users/anatolijostapenko/bmstu/annihilators/index.js
multiply-polynomials
{ size: 4 }
{ all: 60480,
  zeros: 420,
  degCount: [ 420, 420, 5880, 53760 ],
  degParts:
   [ 0.006944444444444444,
     0.006944444444444444,
     0.09722222222222222,
     0.8888888888888888 ],
  deg1length: 30,
  deg2length: 2016 }

Process finished with exit code 0


/Users/anatolijostapenko/.nvm/versions/node/v10.14.2/bin/node /Users/anatolijostapenko/bmstu/annihilators/index.js
multiply-polynomials
{ size: 5 }
{ all: 4059264,
  zeros: 1860,
  degCount: [ 1860, 1860, 55800, 3999744 ],
  degParts:
   [ 0.0004582111436950147,
     0.0004582111436950147,
     0.01374633431085044,
     0.9853372434017595 ],
  deg1length: 62,
  deg2length: 65472 }

Process finished with exit code 0






/Users/anatolijostapenko/.nvm/versions/node/v10.14.2/bin/node /Users/anatolijostapenko/bmstu/annihilators/index.js
multiply-polynomials
{ size: 6 }
{ all: 527940000,
  zeros: 7812,
  degCount: [ 7812, 7812, 484344, 527440032 ],
  degParts:
   [ 0.000014797136038186157,
     0.000014797136038186157,
     0.0009174224343675418,
     0.9990529832935561 ],
  deg1length: 126,
  deg2length: 4194176 }

Process finished with exit code 0

/Users/anatolijostapenko/.nvm/versions/node/v10.14.2/bin/node /Users/anatolijostapenko/bmstu/annihilators/index.js
multiply-polynomials
{ size: 6 }
multiply-polynomials-gen-1: 4.690ms
1260000
2520000
3780000
5040000
6300000
7560000
8820000
10080000
11340000
12600000
13860000
15120000
16380000
17640000
18900000
20160000
21420000
22680000
23940000
25200000
26460000
27720000
28980000
30240000
31500000
32760000
34020000
35280000
36540000
37800000
39060000
40320000
41580000
42840000
44100000
45360000
46620000
47880000
49140000
50400000
51660000
52920000
54180000
55440000
56700000
57960000
59220000
60480000
61740000
63000000
64260000
65520000
66780000
68040000
69300000
70560000
71820000
73080000
74340000
75600000
76860000
78120000
79380000
80640000
81900000
83160000
84420000
85680000
86940000
88200000
89460000
90720000
91980000
93240000
94500000
95760000
97020000
98280000
99540000
100800000
102060000
103320000
104580000
105840000
107100000
108360000
109620000
110880000
112140000
113400000
114660000
115920000
117180000
118440000
119700000
120960000
122220000
123480000
124740000
126000000
127260000
128520000
129780000
131040000
132300000
133560000
134820000
136080000
137340000
138600000
139860000
141120000
142380000
143640000
144900000
146160000
147420000
148680000
149940000
151200000
152460000
153720000
154980000
156240000
157500000
158760000
160020000
161280000
162540000
163800000
165060000
166320000
167580000
168840000
170100000
171360000
172620000
173880000
175140000
176400000
177660000
178920000
180180000
181440000
182700000
183960000
185220000
186480000
187740000
189000000
190260000
191520000
192780000
194040000
195300000
196560000
197820000
199080000
200340000
201600000
202860000
204120000
205380000
206640000
207900000
209160000
210420000
211680000
212940000
214200000
215460000
216720000
217980000
219240000
220500000
221760000
223020000
224280000
225540000
226800000
228060000
229320000
230580000
231840000
233100000
234360000
235620000
236880000
238140000
239400000
240660000
241920000
243180000
244440000
245700000
246960000
248220000
249480000
250740000
252000000
253260000
254520000
255780000
257040000
258300000
259560000
260820000
262080000
263340000
264600000
265860000
267120000
268380000
269640000
270900000
272160000
273420000
274680000
275940000
277200000
278460000
279720000
280980000
282240000
283500000
284760000
286020000
287280000
288540000
289800000
291060000
292320000
293580000
294840000
296100000
297360000
298620000
299880000
301140000
302400000
303660000
304920000
306180000
307440000
308700000
309960000
311220000
312480000
313740000
315000000
316260000
317520000
318780000
320040000
321300000
322560000
323820000
325080000
326340000
327600000
328860000
330120000
331380000
332640000
333900000
335160000
336420000
337680000
338940000
340200000
341460000
342720000
343980000
345240000
346500000
347760000
349020000
350280000
351540000
352800000
354060000
355320000
356580000
357840000
359100000
360360000
361620000
362880000
364140000
365400000
366660000
367920000
369180000
370440000
371700000
372960000
374220000
375480000
376740000
378000000
379260000
380520000
381780000
383040000
384300000
385560000
386820000
388080000
389340000
390600000
391860000
393120000
394380000
395640000
396900000
398160000
399420000
400680000
401940000
403200000
404460000
405720000
406980000
408240000
409500000
410760000
412020000
413280000
414540000
415800000
417060000
418320000
419580000
420840000
422100000
423360000
424620000
425880000
427140000
428400000
429660000
430920000
432180000
433440000
434700000
435960000
437220000
438480000
439740000
441000000
442260000
443520000
444780000
446040000
447300000
448560000
449820000
451080000
452340000
453600000
454860000
456120000
457380000
458640000
459900000
461160000
462420000
463680000
464940000
466200000
467460000
468720000
469980000
471240000
472500000
473760000
475020000
476280000
477540000
478800000
480060000
481320000
482580000
483840000
485100000
486360000
487620000
488880000
490140000
491400000
492660000
493920000
495180000
496440000
497700000
498960000
500220000
501480000
502740000
504000000
505260000
506520000
507780000
509040000
510300000
511560000
512820000
514080000
515340000
516600000
517860000
519120000
520380000
521640000
522900000
524160000
525420000
526680000
527940000
{ all: 528466176,
  zeros: 7812,
  degCount: [ 7812, 7812, 484344, 527966208 ],
  degParts:
   [ 0.00001478240302743614,
     0.00001478240302743614,
     0.0009165089877010407,
     0.9990539262062441 ],
  deg1length: 126,
  deg2length: 4194176 }
multiply-polynomials-check: 1843552.805ms

Process finished with exit code 0
