0100000000000000
1100000000000000
0010000000000000
1010000000000000
0110000000000000
1110000000000000
0000100000000000
1000100000000000
0100100000000000
1100100000000000
0010100000000000
1010100000000000
0110100000000000
1110100000000000
0000000010000000
1000000010000000
0100000010000000
1100000010000000
0010000010000000
1010000010000000
0110000010000000
1110000010000000
0000100010000000
1000100010000000
0100100010000000
1100100010000000
0010100010000000
1010100010000000
0110100010000000
1110100010000000
