01000000000000000000000000000000000000000000000000000000000000000000000000000000000000000000000000000000000000000000000000000000
11000000000000000000000000000000000000000000000000000000000000000000000000000000000000000000000000000000000000000000000000000000
00100000000000000000000000000000000000000000000000000000000000000000000000000000000000000000000000000000000000000000000000000000
10100000000000000000000000000000000000000000000000000000000000000000000000000000000000000000000000000000000000000000000000000000
01100000000000000000000000000000000000000000000000000000000000000000000000000000000000000000000000000000000000000000000000000000
11100000000000000000000000000000000000000000000000000000000000000000000000000000000000000000000000000000000000000000000000000000
00001000000000000000000000000000000000000000000000000000000000000000000000000000000000000000000000000000000000000000000000000000
10001000000000000000000000000000000000000000000000000000000000000000000000000000000000000000000000000000000000000000000000000000
01001000000000000000000000000000000000000000000000000000000000000000000000000000000000000000000000000000000000000000000000000000
11001000000000000000000000000000000000000000000000000000000000000000000000000000000000000000000000000000000000000000000000000000
00101000000000000000000000000000000000000000000000000000000000000000000000000000000000000000000000000000000000000000000000000000
10101000000000000000000000000000000000000000000000000000000000000000000000000000000000000000000000000000000000000000000000000000
01101000000000000000000000000000000000000000000000000000000000000000000000000000000000000000000000000000000000000000000000000000
11101000000000000000000000000000000000000000000000000000000000000000000000000000000000000000000000000000000000000000000000000000
00000000100000000000000000000000000000000000000000000000000000000000000000000000000000000000000000000000000000000000000000000000
10000000100000000000000000000000000000000000000000000000000000000000000000000000000000000000000000000000000000000000000000000000
01000000100000000000000000000000000000000000000000000000000000000000000000000000000000000000000000000000000000000000000000000000
11000000100000000000000000000000000000000000000000000000000000000000000000000000000000000000000000000000000000000000000000000000
00100000100000000000000000000000000000000000000000000000000000000000000000000000000000000000000000000000000000000000000000000000
10100000100000000000000000000000000000000000000000000000000000000000000000000000000000000000000000000000000000000000000000000000
01100000100000000000000000000000000000000000000000000000000000000000000000000000000000000000000000000000000000000000000000000000
11100000100000000000000000000000000000000000000000000000000000000000000000000000000000000000000000000000000000000000000000000000
00001000100000000000000000000000000000000000000000000000000000000000000000000000000000000000000000000000000000000000000000000000
10001000100000000000000000000000000000000000000000000000000000000000000000000000000000000000000000000000000000000000000000000000
01001000100000000000000000000000000000000000000000000000000000000000000000000000000000000000000000000000000000000000000000000000
11001000100000000000000000000000000000000000000000000000000000000000000000000000000000000000000000000000000000000000000000000000
00101000100000000000000000000000000000000000000000000000000000000000000000000000000000000000000000000000000000000000000000000000
10101000100000000000000000000000000000000000000000000000000000000000000000000000000000000000000000000000000000000000000000000000
01101000100000000000000000000000000000000000000000000000000000000000000000000000000000000000000000000000000000000000000000000000
11101000100000000000000000000000000000000000000000000000000000000000000000000000000000000000000000000000000000000000000000000000
00000000000000001000000000000000000000000000000000000000000000000000000000000000000000000000000000000000000000000000000000000000
10000000000000001000000000000000000000000000000000000000000000000000000000000000000000000000000000000000000000000000000000000000
01000000000000001000000000000000000000000000000000000000000000000000000000000000000000000000000000000000000000000000000000000000
11000000000000001000000000000000000000000000000000000000000000000000000000000000000000000000000000000000000000000000000000000000
00100000000000001000000000000000000000000000000000000000000000000000000000000000000000000000000000000000000000000000000000000000
10100000000000001000000000000000000000000000000000000000000000000000000000000000000000000000000000000000000000000000000000000000
01100000000000001000000000000000000000000000000000000000000000000000000000000000000000000000000000000000000000000000000000000000
11100000000000001000000000000000000000000000000000000000000000000000000000000000000000000000000000000000000000000000000000000000
00001000000000001000000000000000000000000000000000000000000000000000000000000000000000000000000000000000000000000000000000000000
10001000000000001000000000000000000000000000000000000000000000000000000000000000000000000000000000000000000000000000000000000000
01001000000000001000000000000000000000000000000000000000000000000000000000000000000000000000000000000000000000000000000000000000
11001000000000001000000000000000000000000000000000000000000000000000000000000000000000000000000000000000000000000000000000000000
00101000000000001000000000000000000000000000000000000000000000000000000000000000000000000000000000000000000000000000000000000000
10101000000000001000000000000000000000000000000000000000000000000000000000000000000000000000000000000000000000000000000000000000
01101000000000001000000000000000000000000000000000000000000000000000000000000000000000000000000000000000000000000000000000000000
11101000000000001000000000000000000000000000000000000000000000000000000000000000000000000000000000000000000000000000000000000000
00000000100000001000000000000000000000000000000000000000000000000000000000000000000000000000000000000000000000000000000000000000
10000000100000001000000000000000000000000000000000000000000000000000000000000000000000000000000000000000000000000000000000000000
01000000100000001000000000000000000000000000000000000000000000000000000000000000000000000000000000000000000000000000000000000000
11000000100000001000000000000000000000000000000000000000000000000000000000000000000000000000000000000000000000000000000000000000
00100000100000001000000000000000000000000000000000000000000000000000000000000000000000000000000000000000000000000000000000000000
10100000100000001000000000000000000000000000000000000000000000000000000000000000000000000000000000000000000000000000000000000000
01100000100000001000000000000000000000000000000000000000000000000000000000000000000000000000000000000000000000000000000000000000
11100000100000001000000000000000000000000000000000000000000000000000000000000000000000000000000000000000000000000000000000000000
00001000100000001000000000000000000000000000000000000000000000000000000000000000000000000000000000000000000000000000000000000000
10001000100000001000000000000000000000000000000000000000000000000000000000000000000000000000000000000000000000000000000000000000
01001000100000001000000000000000000000000000000000000000000000000000000000000000000000000000000000000000000000000000000000000000
11001000100000001000000000000000000000000000000000000000000000000000000000000000000000000000000000000000000000000000000000000000
00101000100000001000000000000000000000000000000000000000000000000000000000000000000000000000000000000000000000000000000000000000
10101000100000001000000000000000000000000000000000000000000000000000000000000000000000000000000000000000000000000000000000000000
01101000100000001000000000000000000000000000000000000000000000000000000000000000000000000000000000000000000000000000000000000000
11101000100000001000000000000000000000000000000000000000000000000000000000000000000000000000000000000000000000000000000000000000
00000000000000000000000000000000100000000000000000000000000000000000000000000000000000000000000000000000000000000000000000000000
10000000000000000000000000000000100000000000000000000000000000000000000000000000000000000000000000000000000000000000000000000000
01000000000000000000000000000000100000000000000000000000000000000000000000000000000000000000000000000000000000000000000000000000
11000000000000000000000000000000100000000000000000000000000000000000000000000000000000000000000000000000000000000000000000000000
00100000000000000000000000000000100000000000000000000000000000000000000000000000000000000000000000000000000000000000000000000000
10100000000000000000000000000000100000000000000000000000000000000000000000000000000000000000000000000000000000000000000000000000
01100000000000000000000000000000100000000000000000000000000000000000000000000000000000000000000000000000000000000000000000000000
11100000000000000000000000000000100000000000000000000000000000000000000000000000000000000000000000000000000000000000000000000000
00001000000000000000000000000000100000000000000000000000000000000000000000000000000000000000000000000000000000000000000000000000
10001000000000000000000000000000100000000000000000000000000000000000000000000000000000000000000000000000000000000000000000000000
01001000000000000000000000000000100000000000000000000000000000000000000000000000000000000000000000000000000000000000000000000000
11001000000000000000000000000000100000000000000000000000000000000000000000000000000000000000000000000000000000000000000000000000
00101000000000000000000000000000100000000000000000000000000000000000000000000000000000000000000000000000000000000000000000000000
10101000000000000000000000000000100000000000000000000000000000000000000000000000000000000000000000000000000000000000000000000000
01101000000000000000000000000000100000000000000000000000000000000000000000000000000000000000000000000000000000000000000000000000
11101000000000000000000000000000100000000000000000000000000000000000000000000000000000000000000000000000000000000000000000000000
00000000100000000000000000000000100000000000000000000000000000000000000000000000000000000000000000000000000000000000000000000000
10000000100000000000000000000000100000000000000000000000000000000000000000000000000000000000000000000000000000000000000000000000
01000000100000000000000000000000100000000000000000000000000000000000000000000000000000000000000000000000000000000000000000000000
11000000100000000000000000000000100000000000000000000000000000000000000000000000000000000000000000000000000000000000000000000000
00100000100000000000000000000000100000000000000000000000000000000000000000000000000000000000000000000000000000000000000000000000
10100000100000000000000000000000100000000000000000000000000000000000000000000000000000000000000000000000000000000000000000000000
01100000100000000000000000000000100000000000000000000000000000000000000000000000000000000000000000000000000000000000000000000000
11100000100000000000000000000000100000000000000000000000000000000000000000000000000000000000000000000000000000000000000000000000
00001000100000000000000000000000100000000000000000000000000000000000000000000000000000000000000000000000000000000000000000000000
10001000100000000000000000000000100000000000000000000000000000000000000000000000000000000000000000000000000000000000000000000000
01001000100000000000000000000000100000000000000000000000000000000000000000000000000000000000000000000000000000000000000000000000
11001000100000000000000000000000100000000000000000000000000000000000000000000000000000000000000000000000000000000000000000000000
00101000100000000000000000000000100000000000000000000000000000000000000000000000000000000000000000000000000000000000000000000000
10101000100000000000000000000000100000000000000000000000000000000000000000000000000000000000000000000000000000000000000000000000
01101000100000000000000000000000100000000000000000000000000000000000000000000000000000000000000000000000000000000000000000000000
11101000100000000000000000000000100000000000000000000000000000000000000000000000000000000000000000000000000000000000000000000000
00000000000000001000000000000000100000000000000000000000000000000000000000000000000000000000000000000000000000000000000000000000
10000000000000001000000000000000100000000000000000000000000000000000000000000000000000000000000000000000000000000000000000000000
01000000000000001000000000000000100000000000000000000000000000000000000000000000000000000000000000000000000000000000000000000000
11000000000000001000000000000000100000000000000000000000000000000000000000000000000000000000000000000000000000000000000000000000
00100000000000001000000000000000100000000000000000000000000000000000000000000000000000000000000000000000000000000000000000000000
10100000000000001000000000000000100000000000000000000000000000000000000000000000000000000000000000000000000000000000000000000000
01100000000000001000000000000000100000000000000000000000000000000000000000000000000000000000000000000000000000000000000000000000
11100000000000001000000000000000100000000000000000000000000000000000000000000000000000000000000000000000000000000000000000000000
00001000000000001000000000000000100000000000000000000000000000000000000000000000000000000000000000000000000000000000000000000000
10001000000000001000000000000000100000000000000000000000000000000000000000000000000000000000000000000000000000000000000000000000
01001000000000001000000000000000100000000000000000000000000000000000000000000000000000000000000000000000000000000000000000000000
11001000000000001000000000000000100000000000000000000000000000000000000000000000000000000000000000000000000000000000000000000000
00101000000000001000000000000000100000000000000000000000000000000000000000000000000000000000000000000000000000000000000000000000
10101000000000001000000000000000100000000000000000000000000000000000000000000000000000000000000000000000000000000000000000000000
01101000000000001000000000000000100000000000000000000000000000000000000000000000000000000000000000000000000000000000000000000000
11101000000000001000000000000000100000000000000000000000000000000000000000000000000000000000000000000000000000000000000000000000
00000000100000001000000000000000100000000000000000000000000000000000000000000000000000000000000000000000000000000000000000000000
10000000100000001000000000000000100000000000000000000000000000000000000000000000000000000000000000000000000000000000000000000000
01000000100000001000000000000000100000000000000000000000000000000000000000000000000000000000000000000000000000000000000000000000
11000000100000001000000000000000100000000000000000000000000000000000000000000000000000000000000000000000000000000000000000000000
00100000100000001000000000000000100000000000000000000000000000000000000000000000000000000000000000000000000000000000000000000000
10100000100000001000000000000000100000000000000000000000000000000000000000000000000000000000000000000000000000000000000000000000
01100000100000001000000000000000100000000000000000000000000000000000000000000000000000000000000000000000000000000000000000000000
11100000100000001000000000000000100000000000000000000000000000000000000000000000000000000000000000000000000000000000000000000000
00001000100000001000000000000000100000000000000000000000000000000000000000000000000000000000000000000000000000000000000000000000
10001000100000001000000000000000100000000000000000000000000000000000000000000000000000000000000000000000000000000000000000000000
01001000100000001000000000000000100000000000000000000000000000000000000000000000000000000000000000000000000000000000000000000000
11001000100000001000000000000000100000000000000000000000000000000000000000000000000000000000000000000000000000000000000000000000
00101000100000001000000000000000100000000000000000000000000000000000000000000000000000000000000000000000000000000000000000000000
10101000100000001000000000000000100000000000000000000000000000000000000000000000000000000000000000000000000000000000000000000000
01101000100000001000000000000000100000000000000000000000000000000000000000000000000000000000000000000000000000000000000000000000
11101000100000001000000000000000100000000000000000000000000000000000000000000000000000000000000000000000000000000000000000000000
00000000000000000000000000000000000000000000000000000000000000001000000000000000000000000000000000000000000000000000000000000000
10000000000000000000000000000000000000000000000000000000000000001000000000000000000000000000000000000000000000000000000000000000
01000000000000000000000000000000000000000000000000000000000000001000000000000000000000000000000000000000000000000000000000000000
11000000000000000000000000000000000000000000000000000000000000001000000000000000000000000000000000000000000000000000000000000000
00100000000000000000000000000000000000000000000000000000000000001000000000000000000000000000000000000000000000000000000000000000
10100000000000000000000000000000000000000000000000000000000000001000000000000000000000000000000000000000000000000000000000000000
01100000000000000000000000000000000000000000000000000000000000001000000000000000000000000000000000000000000000000000000000000000
11100000000000000000000000000000000000000000000000000000000000001000000000000000000000000000000000000000000000000000000000000000
00001000000000000000000000000000000000000000000000000000000000001000000000000000000000000000000000000000000000000000000000000000
10001000000000000000000000000000000000000000000000000000000000001000000000000000000000000000000000000000000000000000000000000000
01001000000000000000000000000000000000000000000000000000000000001000000000000000000000000000000000000000000000000000000000000000
11001000000000000000000000000000000000000000000000000000000000001000000000000000000000000000000000000000000000000000000000000000
00101000000000000000000000000000000000000000000000000000000000001000000000000000000000000000000000000000000000000000000000000000
10101000000000000000000000000000000000000000000000000000000000001000000000000000000000000000000000000000000000000000000000000000
01101000000000000000000000000000000000000000000000000000000000001000000000000000000000000000000000000000000000000000000000000000
11101000000000000000000000000000000000000000000000000000000000001000000000000000000000000000000000000000000000000000000000000000
00000000100000000000000000000000000000000000000000000000000000001000000000000000000000000000000000000000000000000000000000000000
10000000100000000000000000000000000000000000000000000000000000001000000000000000000000000000000000000000000000000000000000000000
01000000100000000000000000000000000000000000000000000000000000001000000000000000000000000000000000000000000000000000000000000000
11000000100000000000000000000000000000000000000000000000000000001000000000000000000000000000000000000000000000000000000000000000
00100000100000000000000000000000000000000000000000000000000000001000000000000000000000000000000000000000000000000000000000000000
10100000100000000000000000000000000000000000000000000000000000001000000000000000000000000000000000000000000000000000000000000000
01100000100000000000000000000000000000000000000000000000000000001000000000000000000000000000000000000000000000000000000000000000
11100000100000000000000000000000000000000000000000000000000000001000000000000000000000000000000000000000000000000000000000000000
00001000100000000000000000000000000000000000000000000000000000001000000000000000000000000000000000000000000000000000000000000000
10001000100000000000000000000000000000000000000000000000000000001000000000000000000000000000000000000000000000000000000000000000
01001000100000000000000000000000000000000000000000000000000000001000000000000000000000000000000000000000000000000000000000000000
11001000100000000000000000000000000000000000000000000000000000001000000000000000000000000000000000000000000000000000000000000000
00101000100000000000000000000000000000000000000000000000000000001000000000000000000000000000000000000000000000000000000000000000
10101000100000000000000000000000000000000000000000000000000000001000000000000000000000000000000000000000000000000000000000000000
01101000100000000000000000000000000000000000000000000000000000001000000000000000000000000000000000000000000000000000000000000000
11101000100000000000000000000000000000000000000000000000000000001000000000000000000000000000000000000000000000000000000000000000
00000000000000001000000000000000000000000000000000000000000000001000000000000000000000000000000000000000000000000000000000000000
10000000000000001000000000000000000000000000000000000000000000001000000000000000000000000000000000000000000000000000000000000000
01000000000000001000000000000000000000000000000000000000000000001000000000000000000000000000000000000000000000000000000000000000
11000000000000001000000000000000000000000000000000000000000000001000000000000000000000000000000000000000000000000000000000000000
00100000000000001000000000000000000000000000000000000000000000001000000000000000000000000000000000000000000000000000000000000000
10100000000000001000000000000000000000000000000000000000000000001000000000000000000000000000000000000000000000000000000000000000
01100000000000001000000000000000000000000000000000000000000000001000000000000000000000000000000000000000000000000000000000000000
11100000000000001000000000000000000000000000000000000000000000001000000000000000000000000000000000000000000000000000000000000000
00001000000000001000000000000000000000000000000000000000000000001000000000000000000000000000000000000000000000000000000000000000
10001000000000001000000000000000000000000000000000000000000000001000000000000000000000000000000000000000000000000000000000000000
01001000000000001000000000000000000000000000000000000000000000001000000000000000000000000000000000000000000000000000000000000000
11001000000000001000000000000000000000000000000000000000000000001000000000000000000000000000000000000000000000000000000000000000
00101000000000001000000000000000000000000000000000000000000000001000000000000000000000000000000000000000000000000000000000000000
10101000000000001000000000000000000000000000000000000000000000001000000000000000000000000000000000000000000000000000000000000000
01101000000000001000000000000000000000000000000000000000000000001000000000000000000000000000000000000000000000000000000000000000
11101000000000001000000000000000000000000000000000000000000000001000000000000000000000000000000000000000000000000000000000000000
00000000100000001000000000000000000000000000000000000000000000001000000000000000000000000000000000000000000000000000000000000000
10000000100000001000000000000000000000000000000000000000000000001000000000000000000000000000000000000000000000000000000000000000
01000000100000001000000000000000000000000000000000000000000000001000000000000000000000000000000000000000000000000000000000000000
11000000100000001000000000000000000000000000000000000000000000001000000000000000000000000000000000000000000000000000000000000000
00100000100000001000000000000000000000000000000000000000000000001000000000000000000000000000000000000000000000000000000000000000
10100000100000001000000000000000000000000000000000000000000000001000000000000000000000000000000000000000000000000000000000000000
01100000100000001000000000000000000000000000000000000000000000001000000000000000000000000000000000000000000000000000000000000000
11100000100000001000000000000000000000000000000000000000000000001000000000000000000000000000000000000000000000000000000000000000
00001000100000001000000000000000000000000000000000000000000000001000000000000000000000000000000000000000000000000000000000000000
10001000100000001000000000000000000000000000000000000000000000001000000000000000000000000000000000000000000000000000000000000000
01001000100000001000000000000000000000000000000000000000000000001000000000000000000000000000000000000000000000000000000000000000
11001000100000001000000000000000000000000000000000000000000000001000000000000000000000000000000000000000000000000000000000000000
00101000100000001000000000000000000000000000000000000000000000001000000000000000000000000000000000000000000000000000000000000000
10101000100000001000000000000000000000000000000000000000000000001000000000000000000000000000000000000000000000000000000000000000
01101000100000001000000000000000000000000000000000000000000000001000000000000000000000000000000000000000000000000000000000000000
11101000100000001000000000000000000000000000000000000000000000001000000000000000000000000000000000000000000000000000000000000000
00000000000000000000000000000000100000000000000000000000000000001000000000000000000000000000000000000000000000000000000000000000
10000000000000000000000000000000100000000000000000000000000000001000000000000000000000000000000000000000000000000000000000000000
01000000000000000000000000000000100000000000000000000000000000001000000000000000000000000000000000000000000000000000000000000000
11000000000000000000000000000000100000000000000000000000000000001000000000000000000000000000000000000000000000000000000000000000
00100000000000000000000000000000100000000000000000000000000000001000000000000000000000000000000000000000000000000000000000000000
10100000000000000000000000000000100000000000000000000000000000001000000000000000000000000000000000000000000000000000000000000000
01100000000000000000000000000000100000000000000000000000000000001000000000000000000000000000000000000000000000000000000000000000
11100000000000000000000000000000100000000000000000000000000000001000000000000000000000000000000000000000000000000000000000000000
00001000000000000000000000000000100000000000000000000000000000001000000000000000000000000000000000000000000000000000000000000000
10001000000000000000000000000000100000000000000000000000000000001000000000000000000000000000000000000000000000000000000000000000
01001000000000000000000000000000100000000000000000000000000000001000000000000000000000000000000000000000000000000000000000000000
11001000000000000000000000000000100000000000000000000000000000001000000000000000000000000000000000000000000000000000000000000000
00101000000000000000000000000000100000000000000000000000000000001000000000000000000000000000000000000000000000000000000000000000
10101000000000000000000000000000100000000000000000000000000000001000000000000000000000000000000000000000000000000000000000000000
01101000000000000000000000000000100000000000000000000000000000001000000000000000000000000000000000000000000000000000000000000000
11101000000000000000000000000000100000000000000000000000000000001000000000000000000000000000000000000000000000000000000000000000
00000000100000000000000000000000100000000000000000000000000000001000000000000000000000000000000000000000000000000000000000000000
10000000100000000000000000000000100000000000000000000000000000001000000000000000000000000000000000000000000000000000000000000000
01000000100000000000000000000000100000000000000000000000000000001000000000000000000000000000000000000000000000000000000000000000
11000000100000000000000000000000100000000000000000000000000000001000000000000000000000000000000000000000000000000000000000000000
00100000100000000000000000000000100000000000000000000000000000001000000000000000000000000000000000000000000000000000000000000000
10100000100000000000000000000000100000000000000000000000000000001000000000000000000000000000000000000000000000000000000000000000
01100000100000000000000000000000100000000000000000000000000000001000000000000000000000000000000000000000000000000000000000000000
11100000100000000000000000000000100000000000000000000000000000001000000000000000000000000000000000000000000000000000000000000000
00001000100000000000000000000000100000000000000000000000000000001000000000000000000000000000000000000000000000000000000000000000
10001000100000000000000000000000100000000000000000000000000000001000000000000000000000000000000000000000000000000000000000000000
01001000100000000000000000000000100000000000000000000000000000001000000000000000000000000000000000000000000000000000000000000000
11001000100000000000000000000000100000000000000000000000000000001000000000000000000000000000000000000000000000000000000000000000
00101000100000000000000000000000100000000000000000000000000000001000000000000000000000000000000000000000000000000000000000000000
10101000100000000000000000000000100000000000000000000000000000001000000000000000000000000000000000000000000000000000000000000000
01101000100000000000000000000000100000000000000000000000000000001000000000000000000000000000000000000000000000000000000000000000
11101000100000000000000000000000100000000000000000000000000000001000000000000000000000000000000000000000000000000000000000000000
00000000000000001000000000000000100000000000000000000000000000001000000000000000000000000000000000000000000000000000000000000000
10000000000000001000000000000000100000000000000000000000000000001000000000000000000000000000000000000000000000000000000000000000
01000000000000001000000000000000100000000000000000000000000000001000000000000000000000000000000000000000000000000000000000000000
11000000000000001000000000000000100000000000000000000000000000001000000000000000000000000000000000000000000000000000000000000000
00100000000000001000000000000000100000000000000000000000000000001000000000000000000000000000000000000000000000000000000000000000
10100000000000001000000000000000100000000000000000000000000000001000000000000000000000000000000000000000000000000000000000000000
01100000000000001000000000000000100000000000000000000000000000001000000000000000000000000000000000000000000000000000000000000000
11100000000000001000000000000000100000000000000000000000000000001000000000000000000000000000000000000000000000000000000000000000
00001000000000001000000000000000100000000000000000000000000000001000000000000000000000000000000000000000000000000000000000000000
10001000000000001000000000000000100000000000000000000000000000001000000000000000000000000000000000000000000000000000000000000000
01001000000000001000000000000000100000000000000000000000000000001000000000000000000000000000000000000000000000000000000000000000
11001000000000001000000000000000100000000000000000000000000000001000000000000000000000000000000000000000000000000000000000000000
00101000000000001000000000000000100000000000000000000000000000001000000000000000000000000000000000000000000000000000000000000000
10101000000000001000000000000000100000000000000000000000000000001000000000000000000000000000000000000000000000000000000000000000
01101000000000001000000000000000100000000000000000000000000000001000000000000000000000000000000000000000000000000000000000000000
11101000000000001000000000000000100000000000000000000000000000001000000000000000000000000000000000000000000000000000000000000000
00000000100000001000000000000000100000000000000000000000000000001000000000000000000000000000000000000000000000000000000000000000
10000000100000001000000000000000100000000000000000000000000000001000000000000000000000000000000000000000000000000000000000000000
01000000100000001000000000000000100000000000000000000000000000001000000000000000000000000000000000000000000000000000000000000000
11000000100000001000000000000000100000000000000000000000000000001000000000000000000000000000000000000000000000000000000000000000
00100000100000001000000000000000100000000000000000000000000000001000000000000000000000000000000000000000000000000000000000000000
10100000100000001000000000000000100000000000000000000000000000001000000000000000000000000000000000000000000000000000000000000000
01100000100000001000000000000000100000000000000000000000000000001000000000000000000000000000000000000000000000000000000000000000
11100000100000001000000000000000100000000000000000000000000000001000000000000000000000000000000000000000000000000000000000000000
00001000100000001000000000000000100000000000000000000000000000001000000000000000000000000000000000000000000000000000000000000000
10001000100000001000000000000000100000000000000000000000000000001000000000000000000000000000000000000000000000000000000000000000
01001000100000001000000000000000100000000000000000000000000000001000000000000000000000000000000000000000000000000000000000000000
11001000100000001000000000000000100000000000000000000000000000001000000000000000000000000000000000000000000000000000000000000000
00101000100000001000000000000000100000000000000000000000000000001000000000000000000000000000000000000000000000000000000000000000
10101000100000001000000000000000100000000000000000000000000000001000000000000000000000000000000000000000000000000000000000000000
01101000100000001000000000000000100000000000000000000000000000001000000000000000000000000000000000000000000000000000000000000000
11101000100000001000000000000000100000000000000000000000000000001000000000000000000000000000000000000000000000000000000000000000
