0001000000000000
1001000000000000
0101000000000000
1101000000000000
0011000000000000
1011000000000000
0111000000000000
1111000000000000
0001100000000000
1001100000000000
0101100000000000
1101100000000000
0011100000000000
1011100000000000
0111100000000000
1111100000000000
0000010000000000
1000010000000000
0100010000000000
1100010000000000
0010010000000000
1010010000000000
0110010000000000
1110010000000000
0001010000000000
1001010000000000
0101010000000000
1101010000000000
0011010000000000
1011010000000000
0111010000000000
1111010000000000
0000110000000000
1000110000000000
0100110000000000
1100110000000000
0010110000000000
1010110000000000
0110110000000000
1110110000000000
0001110000000000
1001110000000000
0101110000000000
1101110000000000
0011110000000000
1011110000000000
0111110000000000
1111110000000000
0000001000000000
1000001000000000
0100001000000000
1100001000000000
0010001000000000
1010001000000000
0110001000000000
1110001000000000
0001001000000000
1001001000000000
0101001000000000
1101001000000000
0011001000000000
1011001000000000
0111001000000000
1111001000000000
0000101000000000
1000101000000000
0100101000000000
1100101000000000
0010101000000000
1010101000000000
0110101000000000
1110101000000000
0001101000000000
1001101000000000
0101101000000000
1101101000000000
0011101000000000
1011101000000000
0111101000000000
1111101000000000
0000011000000000
1000011000000000
0100011000000000
1100011000000000
0010011000000000
1010011000000000
0110011000000000
1110011000000000
0001011000000000
1001011000000000
0101011000000000
1101011000000000
0011011000000000
1011011000000000
0111011000000000
1111011000000000
0000111000000000
1000111000000000
0100111000000000
1100111000000000
0010111000000000
1010111000000000
0110111000000000
1110111000000000
0001111000000000
1001111000000000
0101111000000000
1101111000000000
0011111000000000
1011111000000000
0111111000000000
1111111000000000
0001000010000000
1001000010000000
0101000010000000
1101000010000000
0011000010000000
1011000010000000
0111000010000000
1111000010000000
0001100010000000
1001100010000000
0101100010000000
1101100010000000
0011100010000000
1011100010000000
0111100010000000
1111100010000000
0000010010000000
1000010010000000
0100010010000000
1100010010000000
0010010010000000
1010010010000000
0110010010000000
1110010010000000
0001010010000000
1001010010000000
0101010010000000
1101010010000000
0011010010000000
1011010010000000
0111010010000000
1111010010000000
0000110010000000
1000110010000000
0100110010000000
1100110010000000
0010110010000000
1010110010000000
0110110010000000
1110110010000000
0001110010000000
1001110010000000
0101110010000000
1101110010000000
0011110010000000
1011110010000000
0111110010000000
1111110010000000
0000001010000000
1000001010000000
0100001010000000
1100001010000000
0010001010000000
1010001010000000
0110001010000000
1110001010000000
0001001010000000
1001001010000000
0101001010000000
1101001010000000
0011001010000000
1011001010000000
0111001010000000
1111001010000000
0000101010000000
1000101010000000
0100101010000000
1100101010000000
0010101010000000
1010101010000000
0110101010000000
1110101010000000
0001101010000000
1001101010000000
0101101010000000
1101101010000000
0011101010000000
1011101010000000
0111101010000000
1111101010000000
0000011010000000
1000011010000000
0100011010000000
1100011010000000
0010011010000000
1010011010000000
0110011010000000
1110011010000000
0001011010000000
1001011010000000
0101011010000000
1101011010000000
0011011010000000
1011011010000000
0111011010000000
1111011010000000
0000111010000000
1000111010000000
0100111010000000
1100111010000000
0010111010000000
1010111010000000
0110111010000000
1110111010000000
0001111010000000
1001111010000000
0101111010000000
1101111010000000
0011111010000000
1011111010000000
0111111010000000
1111111010000000
0000000001000000
1000000001000000
0100000001000000
1100000001000000
0010000001000000
1010000001000000
0110000001000000
1110000001000000
0001000001000000
1001000001000000
0101000001000000
1101000001000000
0011000001000000
1011000001000000
0111000001000000
1111000001000000
0000100001000000
1000100001000000
0100100001000000
1100100001000000
0010100001000000
1010100001000000
0110100001000000
1110100001000000
0001100001000000
1001100001000000
0101100001000000
1101100001000000
0011100001000000
1011100001000000
0111100001000000
1111100001000000
0000010001000000
1000010001000000
0100010001000000
1100010001000000
0010010001000000
1010010001000000
0110010001000000
1110010001000000
0001010001000000
1001010001000000
0101010001000000
1101010001000000
0011010001000000
1011010001000000
0111010001000000
1111010001000000
0000110001000000
1000110001000000
0100110001000000
1100110001000000
0010110001000000
1010110001000000
0110110001000000
1110110001000000
0001110001000000
1001110001000000
0101110001000000
1101110001000000
0011110001000000
1011110001000000
0111110001000000
1111110001000000
0000001001000000
1000001001000000
0100001001000000
1100001001000000
0010001001000000
1010001001000000
0110001001000000
1110001001000000
0001001001000000
1001001001000000
0101001001000000
1101001001000000
0011001001000000
1011001001000000
0111001001000000
1111001001000000
0000101001000000
1000101001000000
0100101001000000
1100101001000000
0010101001000000
1010101001000000
0110101001000000
1110101001000000
0001101001000000
1001101001000000
0101101001000000
1101101001000000
0011101001000000
1011101001000000
0111101001000000
1111101001000000
0000011001000000
1000011001000000
0100011001000000
1100011001000000
0010011001000000
1010011001000000
0110011001000000
1110011001000000
0001011001000000
1001011001000000
0101011001000000
1101011001000000
0011011001000000
1011011001000000
0111011001000000
1111011001000000
0000111001000000
1000111001000000
0100111001000000
1100111001000000
0010111001000000
1010111001000000
0110111001000000
1110111001000000
0001111001000000
1001111001000000
0101111001000000
1101111001000000
0011111001000000
1011111001000000
0111111001000000
1111111001000000
0000000011000000
1000000011000000
0100000011000000
1100000011000000
0010000011000000
1010000011000000
0110000011000000
1110000011000000
0001000011000000
1001000011000000
0101000011000000
1101000011000000
0011000011000000
1011000011000000
0111000011000000
1111000011000000
0000100011000000
1000100011000000
0100100011000000
1100100011000000
0010100011000000
1010100011000000
0110100011000000
1110100011000000
0001100011000000
1001100011000000
0101100011000000
1101100011000000
0011100011000000
1011100011000000
0111100011000000
1111100011000000
0000010011000000
1000010011000000
0100010011000000
1100010011000000
0010010011000000
1010010011000000
0110010011000000
1110010011000000
0001010011000000
1001010011000000
0101010011000000
1101010011000000
0011010011000000
1011010011000000
0111010011000000
1111010011000000
0000110011000000
1000110011000000
0100110011000000
1100110011000000
0010110011000000
1010110011000000
0110110011000000
1110110011000000
0001110011000000
1001110011000000
0101110011000000
1101110011000000
0011110011000000
1011110011000000
0111110011000000
1111110011000000
0000001011000000
1000001011000000
0100001011000000
1100001011000000
0010001011000000
1010001011000000
0110001011000000
1110001011000000
0001001011000000
1001001011000000
0101001011000000
1101001011000000
0011001011000000
1011001011000000
0111001011000000
1111001011000000
0000101011000000
1000101011000000
0100101011000000
1100101011000000
0010101011000000
1010101011000000
0110101011000000
1110101011000000
0001101011000000
1001101011000000
0101101011000000
1101101011000000
0011101011000000
1011101011000000
0111101011000000
1111101011000000
0000011011000000
1000011011000000
0100011011000000
1100011011000000
0010011011000000
1010011011000000
0110011011000000
1110011011000000
0001011011000000
1001011011000000
0101011011000000
1101011011000000
0011011011000000
1011011011000000
0111011011000000
1111011011000000
0000111011000000
1000111011000000
0100111011000000
1100111011000000
0010111011000000
1010111011000000
0110111011000000
1110111011000000
0001111011000000
1001111011000000
0101111011000000
1101111011000000
0011111011000000
1011111011000000
0111111011000000
1111111011000000
0000000000100000
1000000000100000
0100000000100000
1100000000100000
0010000000100000
1010000000100000
0110000000100000
1110000000100000
0001000000100000
1001000000100000
0101000000100000
1101000000100000
0011000000100000
1011000000100000
0111000000100000
1111000000100000
0000100000100000
1000100000100000
0100100000100000
1100100000100000
0010100000100000
1010100000100000
0110100000100000
1110100000100000
0001100000100000
1001100000100000
0101100000100000
1101100000100000
0011100000100000
1011100000100000
0111100000100000
1111100000100000
0000010000100000
1000010000100000
0100010000100000
1100010000100000
0010010000100000
1010010000100000
0110010000100000
1110010000100000
0001010000100000
1001010000100000
0101010000100000
1101010000100000
0011010000100000
1011010000100000
0111010000100000
1111010000100000
0000110000100000
1000110000100000
0100110000100000
1100110000100000
0010110000100000
1010110000100000
0110110000100000
1110110000100000
0001110000100000
1001110000100000
0101110000100000
1101110000100000
0011110000100000
1011110000100000
0111110000100000
1111110000100000
0000001000100000
1000001000100000
0100001000100000
1100001000100000
0010001000100000
1010001000100000
0110001000100000
1110001000100000
0001001000100000
1001001000100000
0101001000100000
1101001000100000
0011001000100000
1011001000100000
0111001000100000
1111001000100000
0000101000100000
1000101000100000
0100101000100000
1100101000100000
0010101000100000
1010101000100000
0110101000100000
1110101000100000
0001101000100000
1001101000100000
0101101000100000
1101101000100000
0011101000100000
1011101000100000
0111101000100000
1111101000100000
0000011000100000
1000011000100000
0100011000100000
1100011000100000
0010011000100000
1010011000100000
0110011000100000
1110011000100000
0001011000100000
1001011000100000
0101011000100000
1101011000100000
0011011000100000
1011011000100000
0111011000100000
1111011000100000
0000111000100000
1000111000100000
0100111000100000
1100111000100000
0010111000100000
1010111000100000
0110111000100000
1110111000100000
0001111000100000
1001111000100000
0101111000100000
1101111000100000
0011111000100000
1011111000100000
0111111000100000
1111111000100000
0000000010100000
1000000010100000
0100000010100000
1100000010100000
0010000010100000
1010000010100000
0110000010100000
1110000010100000
0001000010100000
1001000010100000
0101000010100000
1101000010100000
0011000010100000
1011000010100000
0111000010100000
1111000010100000
0000100010100000
1000100010100000
0100100010100000
1100100010100000
0010100010100000
1010100010100000
0110100010100000
1110100010100000
0001100010100000
1001100010100000
0101100010100000
1101100010100000
0011100010100000
1011100010100000
0111100010100000
1111100010100000
0000010010100000
1000010010100000
0100010010100000
1100010010100000
0010010010100000
1010010010100000
0110010010100000
1110010010100000
0001010010100000
1001010010100000
0101010010100000
1101010010100000
0011010010100000
1011010010100000
0111010010100000
1111010010100000
0000110010100000
1000110010100000
0100110010100000
1100110010100000
0010110010100000
1010110010100000
0110110010100000
1110110010100000
0001110010100000
1001110010100000
0101110010100000
1101110010100000
0011110010100000
1011110010100000
0111110010100000
1111110010100000
0000001010100000
1000001010100000
0100001010100000
1100001010100000
0010001010100000
1010001010100000
0110001010100000
1110001010100000
0001001010100000
1001001010100000
0101001010100000
1101001010100000
0011001010100000
1011001010100000
0111001010100000
1111001010100000
0000101010100000
1000101010100000
0100101010100000
1100101010100000
0010101010100000
1010101010100000
0110101010100000
1110101010100000
0001101010100000
1001101010100000
0101101010100000
1101101010100000
0011101010100000
1011101010100000
0111101010100000
1111101010100000
0000011010100000
1000011010100000
0100011010100000
1100011010100000
0010011010100000
1010011010100000
0110011010100000
1110011010100000
0001011010100000
1001011010100000
0101011010100000
1101011010100000
0011011010100000
1011011010100000
0111011010100000
1111011010100000
0000111010100000
1000111010100000
0100111010100000
1100111010100000
0010111010100000
1010111010100000
0110111010100000
1110111010100000
0001111010100000
1001111010100000
0101111010100000
1101111010100000
0011111010100000
1011111010100000
0111111010100000
1111111010100000
0000000001100000
1000000001100000
0100000001100000
1100000001100000
0010000001100000
1010000001100000
0110000001100000
1110000001100000
0001000001100000
1001000001100000
0101000001100000
1101000001100000
0011000001100000
1011000001100000
0111000001100000
1111000001100000
0000100001100000
1000100001100000
0100100001100000
1100100001100000
0010100001100000
1010100001100000
0110100001100000
1110100001100000
0001100001100000
1001100001100000
0101100001100000
1101100001100000
0011100001100000
1011100001100000
0111100001100000
1111100001100000
0000010001100000
1000010001100000
0100010001100000
1100010001100000
0010010001100000
1010010001100000
0110010001100000
1110010001100000
0001010001100000
1001010001100000
0101010001100000
1101010001100000
0011010001100000
1011010001100000
0111010001100000
1111010001100000
0000110001100000
1000110001100000
0100110001100000
1100110001100000
0010110001100000
1010110001100000
0110110001100000
1110110001100000
0001110001100000
1001110001100000
0101110001100000
1101110001100000
0011110001100000
1011110001100000
0111110001100000
1111110001100000
0000001001100000
1000001001100000
0100001001100000
1100001001100000
0010001001100000
1010001001100000
0110001001100000
1110001001100000
0001001001100000
1001001001100000
0101001001100000
1101001001100000
0011001001100000
1011001001100000
0111001001100000
1111001001100000
0000101001100000
1000101001100000
0100101001100000
1100101001100000
0010101001100000
1010101001100000
0110101001100000
1110101001100000
0001101001100000
1001101001100000
0101101001100000
1101101001100000
0011101001100000
1011101001100000
0111101001100000
1111101001100000
0000011001100000
1000011001100000
0100011001100000
1100011001100000
0010011001100000
1010011001100000
0110011001100000
1110011001100000
0001011001100000
1001011001100000
0101011001100000
1101011001100000
0011011001100000
1011011001100000
0111011001100000
1111011001100000
0000111001100000
1000111001100000
0100111001100000
1100111001100000
0010111001100000
1010111001100000
0110111001100000
1110111001100000
0001111001100000
1001111001100000
0101111001100000
1101111001100000
0011111001100000
1011111001100000
0111111001100000
1111111001100000
0000000011100000
1000000011100000
0100000011100000
1100000011100000
0010000011100000
1010000011100000
0110000011100000
1110000011100000
0001000011100000
1001000011100000
0101000011100000
1101000011100000
0011000011100000
1011000011100000
0111000011100000
1111000011100000
0000100011100000
1000100011100000
0100100011100000
1100100011100000
0010100011100000
1010100011100000
0110100011100000
1110100011100000
0001100011100000
1001100011100000
0101100011100000
1101100011100000
0011100011100000
1011100011100000
0111100011100000
1111100011100000
0000010011100000
1000010011100000
0100010011100000
1100010011100000
0010010011100000
1010010011100000
0110010011100000
1110010011100000
0001010011100000
1001010011100000
0101010011100000
1101010011100000
0011010011100000
1011010011100000
0111010011100000
1111010011100000
0000110011100000
1000110011100000
0100110011100000
1100110011100000
0010110011100000
1010110011100000
0110110011100000
1110110011100000
0001110011100000
1001110011100000
0101110011100000
1101110011100000
0011110011100000
1011110011100000
0111110011100000
1111110011100000
0000001011100000
1000001011100000
0100001011100000
1100001011100000
0010001011100000
1010001011100000
0110001011100000
1110001011100000
0001001011100000
1001001011100000
0101001011100000
1101001011100000
0011001011100000
1011001011100000
0111001011100000
1111001011100000
0000101011100000
1000101011100000
0100101011100000
1100101011100000
0010101011100000
1010101011100000
0110101011100000
1110101011100000
0001101011100000
1001101011100000
0101101011100000
1101101011100000
0011101011100000
1011101011100000
0111101011100000
1111101011100000
0000011011100000
1000011011100000
0100011011100000
1100011011100000
0010011011100000
1010011011100000
0110011011100000
1110011011100000
0001011011100000
1001011011100000
0101011011100000
1101011011100000
0011011011100000
1011011011100000
0111011011100000
1111011011100000
0000111011100000
1000111011100000
0100111011100000
1100111011100000
0010111011100000
1010111011100000
0110111011100000
1110111011100000
0001111011100000
1001111011100000
0101111011100000
1101111011100000
0011111011100000
1011111011100000
0111111011100000
1111111011100000
0000000000001000
1000000000001000
0100000000001000
1100000000001000
0010000000001000
1010000000001000
0110000000001000
1110000000001000
0001000000001000
1001000000001000
0101000000001000
1101000000001000
0011000000001000
1011000000001000
0111000000001000
1111000000001000
0000100000001000
1000100000001000
0100100000001000
1100100000001000
0010100000001000
1010100000001000
0110100000001000
1110100000001000
0001100000001000
1001100000001000
0101100000001000
1101100000001000
0011100000001000
1011100000001000
0111100000001000
1111100000001000
0000010000001000
1000010000001000
0100010000001000
1100010000001000
0010010000001000
1010010000001000
0110010000001000
1110010000001000
0001010000001000
1001010000001000
0101010000001000
1101010000001000
0011010000001000
1011010000001000
0111010000001000
1111010000001000
0000110000001000
1000110000001000
0100110000001000
1100110000001000
0010110000001000
1010110000001000
0110110000001000
1110110000001000
0001110000001000
1001110000001000
0101110000001000
1101110000001000
0011110000001000
1011110000001000
0111110000001000
1111110000001000
0000001000001000
1000001000001000
0100001000001000
1100001000001000
0010001000001000
1010001000001000
0110001000001000
1110001000001000
0001001000001000
1001001000001000
0101001000001000
1101001000001000
0011001000001000
1011001000001000
0111001000001000
1111001000001000
0000101000001000
1000101000001000
0100101000001000
1100101000001000
0010101000001000
1010101000001000
0110101000001000
1110101000001000
0001101000001000
1001101000001000
0101101000001000
1101101000001000
0011101000001000
1011101000001000
0111101000001000
1111101000001000
0000011000001000
1000011000001000
0100011000001000
1100011000001000
0010011000001000
1010011000001000
0110011000001000
1110011000001000
0001011000001000
1001011000001000
0101011000001000
1101011000001000
0011011000001000
1011011000001000
0111011000001000
1111011000001000
0000111000001000
1000111000001000
0100111000001000
1100111000001000
0010111000001000
1010111000001000
0110111000001000
1110111000001000
0001111000001000
1001111000001000
0101111000001000
1101111000001000
0011111000001000
1011111000001000
0111111000001000
1111111000001000
0000000010001000
1000000010001000
0100000010001000
1100000010001000
0010000010001000
1010000010001000
0110000010001000
1110000010001000
0001000010001000
1001000010001000
0101000010001000
1101000010001000
0011000010001000
1011000010001000
0111000010001000
1111000010001000
0000100010001000
1000100010001000
0100100010001000
1100100010001000
0010100010001000
1010100010001000
0110100010001000
1110100010001000
0001100010001000
1001100010001000
0101100010001000
1101100010001000
0011100010001000
1011100010001000
0111100010001000
1111100010001000
0000010010001000
1000010010001000
0100010010001000
1100010010001000
0010010010001000
1010010010001000
0110010010001000
1110010010001000
0001010010001000
1001010010001000
0101010010001000
1101010010001000
0011010010001000
1011010010001000
0111010010001000
1111010010001000
0000110010001000
1000110010001000
0100110010001000
1100110010001000
0010110010001000
1010110010001000
0110110010001000
1110110010001000
0001110010001000
1001110010001000
0101110010001000
1101110010001000
0011110010001000
1011110010001000
0111110010001000
1111110010001000
0000001010001000
1000001010001000
0100001010001000
1100001010001000
0010001010001000
1010001010001000
0110001010001000
1110001010001000
0001001010001000
1001001010001000
0101001010001000
1101001010001000
0011001010001000
1011001010001000
0111001010001000
1111001010001000
0000101010001000
1000101010001000
0100101010001000
1100101010001000
0010101010001000
1010101010001000
0110101010001000
1110101010001000
0001101010001000
1001101010001000
0101101010001000
1101101010001000
0011101010001000
1011101010001000
0111101010001000
1111101010001000
0000011010001000
1000011010001000
0100011010001000
1100011010001000
0010011010001000
1010011010001000
0110011010001000
1110011010001000
0001011010001000
1001011010001000
0101011010001000
1101011010001000
0011011010001000
1011011010001000
0111011010001000
1111011010001000
0000111010001000
1000111010001000
0100111010001000
1100111010001000
0010111010001000
1010111010001000
0110111010001000
1110111010001000
0001111010001000
1001111010001000
0101111010001000
1101111010001000
0011111010001000
1011111010001000
0111111010001000
1111111010001000
0000000001001000
1000000001001000
0100000001001000
1100000001001000
0010000001001000
1010000001001000
0110000001001000
1110000001001000
0001000001001000
1001000001001000
0101000001001000
1101000001001000
0011000001001000
1011000001001000
0111000001001000
1111000001001000
0000100001001000
1000100001001000
0100100001001000
1100100001001000
0010100001001000
1010100001001000
0110100001001000
1110100001001000
0001100001001000
1001100001001000
0101100001001000
1101100001001000
0011100001001000
1011100001001000
0111100001001000
1111100001001000
0000010001001000
1000010001001000
0100010001001000
1100010001001000
0010010001001000
1010010001001000
0110010001001000
1110010001001000
0001010001001000
1001010001001000
0101010001001000
1101010001001000
0011010001001000
1011010001001000
0111010001001000
1111010001001000
0000110001001000
1000110001001000
0100110001001000
1100110001001000
0010110001001000
1010110001001000
0110110001001000
1110110001001000
0001110001001000
1001110001001000
0101110001001000
1101110001001000
0011110001001000
1011110001001000
0111110001001000
1111110001001000
0000001001001000
1000001001001000
0100001001001000
1100001001001000
0010001001001000
1010001001001000
0110001001001000
1110001001001000
0001001001001000
1001001001001000
0101001001001000
1101001001001000
0011001001001000
1011001001001000
0111001001001000
1111001001001000
0000101001001000
1000101001001000
0100101001001000
1100101001001000
0010101001001000
1010101001001000
0110101001001000
1110101001001000
0001101001001000
1001101001001000
0101101001001000
1101101001001000
0011101001001000
1011101001001000
0111101001001000
1111101001001000
0000011001001000
1000011001001000
0100011001001000
1100011001001000
0010011001001000
1010011001001000
0110011001001000
1110011001001000
0001011001001000
1001011001001000
0101011001001000
1101011001001000
0011011001001000
1011011001001000
0111011001001000
1111011001001000
0000111001001000
1000111001001000
0100111001001000
1100111001001000
0010111001001000
1010111001001000
0110111001001000
1110111001001000
0001111001001000
1001111001001000
0101111001001000
1101111001001000
0011111001001000
1011111001001000
0111111001001000
1111111001001000
0000000011001000
1000000011001000
0100000011001000
1100000011001000
0010000011001000
1010000011001000
0110000011001000
1110000011001000
0001000011001000
1001000011001000
0101000011001000
1101000011001000
0011000011001000
1011000011001000
0111000011001000
1111000011001000
0000100011001000
1000100011001000
0100100011001000
1100100011001000
0010100011001000
1010100011001000
0110100011001000
1110100011001000
0001100011001000
1001100011001000
0101100011001000
1101100011001000
0011100011001000
1011100011001000
0111100011001000
1111100011001000
0000010011001000
1000010011001000
0100010011001000
1100010011001000
0010010011001000
1010010011001000
0110010011001000
1110010011001000
0001010011001000
1001010011001000
0101010011001000
1101010011001000
0011010011001000
1011010011001000
0111010011001000
1111010011001000
0000110011001000
1000110011001000
0100110011001000
1100110011001000
0010110011001000
1010110011001000
0110110011001000
1110110011001000
0001110011001000
1001110011001000
0101110011001000
1101110011001000
0011110011001000
1011110011001000
0111110011001000
1111110011001000
0000001011001000
1000001011001000
0100001011001000
1100001011001000
0010001011001000
1010001011001000
0110001011001000
1110001011001000
0001001011001000
1001001011001000
0101001011001000
1101001011001000
0011001011001000
1011001011001000
0111001011001000
1111001011001000
0000101011001000
1000101011001000
0100101011001000
1100101011001000
0010101011001000
1010101011001000
0110101011001000
1110101011001000
0001101011001000
1001101011001000
0101101011001000
1101101011001000
0011101011001000
1011101011001000
0111101011001000
1111101011001000
0000011011001000
1000011011001000
0100011011001000
1100011011001000
0010011011001000
1010011011001000
0110011011001000
1110011011001000
0001011011001000
1001011011001000
0101011011001000
1101011011001000
0011011011001000
1011011011001000
0111011011001000
1111011011001000
0000111011001000
1000111011001000
0100111011001000
1100111011001000
0010111011001000
1010111011001000
0110111011001000
1110111011001000
0001111011001000
1001111011001000
0101111011001000
1101111011001000
0011111011001000
1011111011001000
0111111011001000
1111111011001000
0000000000101000
1000000000101000
0100000000101000
1100000000101000
0010000000101000
1010000000101000
0110000000101000
1110000000101000
0001000000101000
1001000000101000
0101000000101000
1101000000101000
0011000000101000
1011000000101000
0111000000101000
1111000000101000
0000100000101000
1000100000101000
0100100000101000
1100100000101000
0010100000101000
1010100000101000
0110100000101000
1110100000101000
0001100000101000
1001100000101000
0101100000101000
1101100000101000
0011100000101000
1011100000101000
0111100000101000
1111100000101000
0000010000101000
1000010000101000
0100010000101000
1100010000101000
0010010000101000
1010010000101000
0110010000101000
1110010000101000
0001010000101000
1001010000101000
0101010000101000
1101010000101000
0011010000101000
1011010000101000
0111010000101000
1111010000101000
0000110000101000
1000110000101000
0100110000101000
1100110000101000
0010110000101000
1010110000101000
0110110000101000
1110110000101000
0001110000101000
1001110000101000
0101110000101000
1101110000101000
0011110000101000
1011110000101000
0111110000101000
1111110000101000
0000001000101000
1000001000101000
0100001000101000
1100001000101000
0010001000101000
1010001000101000
0110001000101000
1110001000101000
0001001000101000
1001001000101000
0101001000101000
1101001000101000
0011001000101000
1011001000101000
0111001000101000
1111001000101000
0000101000101000
1000101000101000
0100101000101000
1100101000101000
0010101000101000
1010101000101000
0110101000101000
1110101000101000
0001101000101000
1001101000101000
0101101000101000
1101101000101000
0011101000101000
1011101000101000
0111101000101000
1111101000101000
0000011000101000
1000011000101000
0100011000101000
1100011000101000
0010011000101000
1010011000101000
0110011000101000
1110011000101000
0001011000101000
1001011000101000
0101011000101000
1101011000101000
0011011000101000
1011011000101000
0111011000101000
1111011000101000
0000111000101000
1000111000101000
0100111000101000
1100111000101000
0010111000101000
1010111000101000
0110111000101000
1110111000101000
0001111000101000
1001111000101000
0101111000101000
1101111000101000
0011111000101000
1011111000101000
0111111000101000
1111111000101000
0000000010101000
1000000010101000
0100000010101000
1100000010101000
0010000010101000
1010000010101000
0110000010101000
1110000010101000
0001000010101000
1001000010101000
0101000010101000
1101000010101000
0011000010101000
1011000010101000
0111000010101000
1111000010101000
0000100010101000
1000100010101000
0100100010101000
1100100010101000
0010100010101000
1010100010101000
0110100010101000
1110100010101000
0001100010101000
1001100010101000
0101100010101000
1101100010101000
0011100010101000
1011100010101000
0111100010101000
1111100010101000
0000010010101000
1000010010101000
0100010010101000
1100010010101000
0010010010101000
1010010010101000
0110010010101000
1110010010101000
0001010010101000
1001010010101000
0101010010101000
1101010010101000
0011010010101000
1011010010101000
0111010010101000
1111010010101000
0000110010101000
1000110010101000
0100110010101000
1100110010101000
0010110010101000
1010110010101000
0110110010101000
1110110010101000
0001110010101000
1001110010101000
0101110010101000
1101110010101000
0011110010101000
1011110010101000
0111110010101000
1111110010101000
0000001010101000
1000001010101000
0100001010101000
1100001010101000
0010001010101000
1010001010101000
0110001010101000
1110001010101000
0001001010101000
1001001010101000
0101001010101000
1101001010101000
0011001010101000
1011001010101000
0111001010101000
1111001010101000
0000101010101000
1000101010101000
0100101010101000
1100101010101000
0010101010101000
1010101010101000
0110101010101000
1110101010101000
0001101010101000
1001101010101000
0101101010101000
1101101010101000
0011101010101000
1011101010101000
0111101010101000
1111101010101000
0000011010101000
1000011010101000
0100011010101000
1100011010101000
0010011010101000
1010011010101000
0110011010101000
1110011010101000
0001011010101000
1001011010101000
0101011010101000
1101011010101000
0011011010101000
1011011010101000
0111011010101000
1111011010101000
0000111010101000
1000111010101000
0100111010101000
1100111010101000
0010111010101000
1010111010101000
0110111010101000
1110111010101000
0001111010101000
1001111010101000
0101111010101000
1101111010101000
0011111010101000
1011111010101000
0111111010101000
1111111010101000
0000000001101000
1000000001101000
0100000001101000
1100000001101000
0010000001101000
1010000001101000
0110000001101000
1110000001101000
0001000001101000
1001000001101000
0101000001101000
1101000001101000
0011000001101000
1011000001101000
0111000001101000
1111000001101000
0000100001101000
1000100001101000
0100100001101000
1100100001101000
0010100001101000
1010100001101000
0110100001101000
1110100001101000
0001100001101000
1001100001101000
0101100001101000
1101100001101000
0011100001101000
1011100001101000
0111100001101000
1111100001101000
0000010001101000
1000010001101000
0100010001101000
1100010001101000
0010010001101000
1010010001101000
0110010001101000
1110010001101000
0001010001101000
1001010001101000
0101010001101000
1101010001101000
0011010001101000
1011010001101000
0111010001101000
1111010001101000
0000110001101000
1000110001101000
0100110001101000
1100110001101000
0010110001101000
1010110001101000
0110110001101000
1110110001101000
0001110001101000
1001110001101000
0101110001101000
1101110001101000
0011110001101000
1011110001101000
0111110001101000
1111110001101000
0000001001101000
1000001001101000
0100001001101000
1100001001101000
0010001001101000
1010001001101000
0110001001101000
1110001001101000
0001001001101000
1001001001101000
0101001001101000
1101001001101000
0011001001101000
1011001001101000
0111001001101000
1111001001101000
0000101001101000
1000101001101000
0100101001101000
1100101001101000
0010101001101000
1010101001101000
0110101001101000
1110101001101000
0001101001101000
1001101001101000
0101101001101000
1101101001101000
0011101001101000
1011101001101000
0111101001101000
1111101001101000
0000011001101000
1000011001101000
0100011001101000
1100011001101000
0010011001101000
1010011001101000
0110011001101000
1110011001101000
0001011001101000
1001011001101000
0101011001101000
1101011001101000
0011011001101000
1011011001101000
0111011001101000
1111011001101000
0000111001101000
1000111001101000
0100111001101000
1100111001101000
0010111001101000
1010111001101000
0110111001101000
1110111001101000
0001111001101000
1001111001101000
0101111001101000
1101111001101000
0011111001101000
1011111001101000
0111111001101000
1111111001101000
0000000011101000
1000000011101000
0100000011101000
1100000011101000
0010000011101000
1010000011101000
0110000011101000
1110000011101000
0001000011101000
1001000011101000
0101000011101000
1101000011101000
0011000011101000
1011000011101000
0111000011101000
1111000011101000
0000100011101000
1000100011101000
0100100011101000
1100100011101000
0010100011101000
1010100011101000
0110100011101000
1110100011101000
0001100011101000
1001100011101000
0101100011101000
1101100011101000
0011100011101000
1011100011101000
0111100011101000
1111100011101000
0000010011101000
1000010011101000
0100010011101000
1100010011101000
0010010011101000
1010010011101000
0110010011101000
1110010011101000
0001010011101000
1001010011101000
0101010011101000
1101010011101000
0011010011101000
1011010011101000
0111010011101000
1111010011101000
0000110011101000
1000110011101000
0100110011101000
1100110011101000
0010110011101000
1010110011101000
0110110011101000
1110110011101000
0001110011101000
1001110011101000
0101110011101000
1101110011101000
0011110011101000
1011110011101000
0111110011101000
1111110011101000
0000001011101000
1000001011101000
0100001011101000
1100001011101000
0010001011101000
1010001011101000
0110001011101000
1110001011101000
0001001011101000
1001001011101000
0101001011101000
1101001011101000
0011001011101000
1011001011101000
0111001011101000
1111001011101000
0000101011101000
1000101011101000
0100101011101000
1100101011101000
0010101011101000
1010101011101000
0110101011101000
1110101011101000
0001101011101000
1001101011101000
0101101011101000
1101101011101000
0011101011101000
1011101011101000
0111101011101000
1111101011101000
0000011011101000
1000011011101000
0100011011101000
1100011011101000
0010011011101000
1010011011101000
0110011011101000
1110011011101000
0001011011101000
1001011011101000
0101011011101000
1101011011101000
0011011011101000
1011011011101000
0111011011101000
1111011011101000
0000111011101000
1000111011101000
0100111011101000
1100111011101000
0010111011101000
1010111011101000
0110111011101000
1110111011101000
0001111011101000
1001111011101000
0101111011101000
1101111011101000
0011111011101000
1011111011101000
0111111011101000
1111111011101000
